0.0776	0.00983	0.0012	-0.01706	-0.01356	-0.0103	0.01338	-0.00121	-0.00722	-0.00789
0.11232	-0.01202	0.02979	0.02009	0.00368	0.00273	-0.00612	0.00658	-0.01643	0.02678
0.10289	0.01835	-0.02088	-0.00128	0.00796	0.00946	-0.00118	-3.61E-04	0.00314	0.00855
0.08685	-0.00411	-0.04274	0.00199	-0.013	0.00988	-0.01034	-0.02034	-0.03022	0.02212
0.11843	0.01333	0.03216	-0.01223	-0.00502	-0.00721	-0.00442	0.01307	-0.0299	-0.0315
0.10867	0.00739	0.0048	-0.01081	0.01963	0.02229	-0.019	-0.01665	-0.01443	5.92E-04
0.10981	-0.00303	0.01	-0.00159	-0.01318	0.00129	-9.97E-04	-0.0217	0.00259	-0.02242
0.11	-0.01047	0.02101	0.02722	0.01776	-0.0061	0.01868	-0.02458	0.01462	0.01939
0.14398	-0.00612	0.01963	0.02166	-0.00232	-0.00673	0.04118	0.01467	0.02274	0.0094
0.12108	-0.00275	0.00213	-0.0014	0.00717	0.00811	0.00581	0.01217	0.02097	0.03342
0.12632	0.01064	0.02842	0.04066	0.00949	-0.01758	-0.00979	-0.00674	0.03001	0.03754
0.13004	0.01517	0.0204	0.03262	-0.01728	0.03878	-0.0068	0.02099	0.02697	0.01628
0.1475	0.04597	0.01659	0.01832	0.03581	0.02786	0.02412	-0.01104	0.02766	0.05873
0.13039	0.03977	0.03624	0.01293	0.03338	0.02121	0.03336	0.03172	0.01573	-0.02212
0.14849	0.03085	0.04297	0.02265	0.02055	0.00701	0.0215	0.03949	0.0195	-0.02166
0.15152	0.02536	0.02824	0.02835	0.02118	0.04064	0.06734	0.05167	0.05206	0.08323
0.15387	0.03252	0.03643	0.04016	0.04043	0.00201	0.04072	0.03056	0.05348	0.08022
0.15612	0.04356	0.03439	0.01086	0.04735	0.07904	0.04496	0.04483	0.03249	0.08262
0.17748	0.06243	0.06544	0.02589	0.04516	0.02282	0.06954	0.04381	0.0588	0.05743
0.19196	0.08209	0.11515	0.06613	0.06289	0.06671	0.06486	0.07762	0.08829	0.02665
0.22555	0.11134	0.08186	0.07876	0.07924	0.07504	0.10328	0.11134	0.09318	0.11239
0.25338	0.11721	0.09558	0.12953	0.12775	0.13245	0.0961	0.13709	0.13067	0.14524
0.267	0.14497	0.10441	0.11953	0.10076	0.10267	0.14079	0.1076	0.14247	0.16481
0.23645	0.15859	0.10354	0.13587	0.12268	0.14997	0.15679	0.13037	0.13131	0.11938
0.26625	0.10005	0.13631	0.11223	0.08329	0.1163	0.12544	0.14237	0.15657	0.10798
0.22844	0.11526	0.09731	0.08458	0.10764	0.1286	0.1156	0.09686	0.10439	0.07778
0.15806	0.10094	0.11603	0.08609	0.08807	0.08979	0.08876	0.10138	0.11205	0.09261
0.13729	0.04436	0.04692	0.03806	0.05554	0.08139	0.11962	0.07148	0.06897	0.07874
0.06756	0.05757	0.06229	0.03999	0.05581	0.05364	0.06694	0.08822	0.04487	0.0604
0.05789	0.03115	0.04281	0.03734	0.01152	0.03699	0.03519	0.05196	0.03376	0.06287
0.00831	0.01256	0.04841	0.0099	0.01616	9.91E-04	0.02788	0.07417	0.01222	0.00805
-0.01765	-0.01534	0.03361	0.01948	0.02781	0.0514	0.02866	0.03945	0.032	0.01696
-0.03947	-0.01695	0.01713	0.04416	0.03553	0.02396	0.03053	0.03504	0.02173	0.02798
-0.05855	0.01389	0.06854	0.05696	0.0393	0.04684	0.05334	0.07953	0.06695	0.04333
-0.06728	0.00597	0.05621	0.0697	0.04171	0.08334	0.06615	0.0457	0.04726	0.06299
-0.03486	0.04588	0.08501	0.10879	0.08401	0.05069	0.08122	0.08384	0.07162	0.13538
-0.04152	0.02287	0.0993	0.10789	0.09917	0.12935	0.13415	0.1236	0.1155	0.16258
0.00341	0.07668	0.1804	0.16651	0.17292	0.1874	0.20626	0.20494	0.18817	0.2216
-0.0102	0.10889	0.22077	0.2436	0.26788	0.26094	0.31333	0.28901	0.27983	0.34215
0.05601	0.18717	0.31672	0.35267	0.38663	0.42711	0.44133	0.47322	0.46346	0.47912
0.08147	0.24735	0.39976	0.44873	0.5053	0.53597	0.56633	0.60331	0.60562	0.68531
0.12576	0.30658	0.46509	0.47335	0.52913	0.59311	0.59613	0.6697	0.67526	0.72752
0.1403	0.30684	0.46828	0.50633	0.51033	0.53754	0.55172	0.62118	0.58523	0.65084
0.16012	0.29868	0.46177	0.43246	0.47599	0.48066	0.48682	0.49659	0.49948	0.48057
0.21544	0.31725	0.45414	0.46306	0.47963	0.50149	0.47962	0.47776	0.44852	0.44663
0.21559	0.40123	0.52508	0.53799	0.50511	0.49176	0.5027	0.47686	0.45957	0.47202
0.26565	0.46053	0.57724	0.60386	0.55244	0.55165	0.54322	0.5153	0.52393	0.50614
0.31251	0.49865	0.6395	0.63539	0.56296	0.60463	0.53464	0.52665	0.52067	0.47858
0.38413	0.57846	0.72631	0.7326	0.71589	0.63451	0.58669	0.54468	0.54512	0.51034
0.47714	0.67445	0.81895	0.79322	0.73594	0.73463	0.66552	0.62456	0.59073	0.61683
0.59858	0.79938	0.96823	0.95551	0.8868	0.85523	0.78805	0.74152	0.71361	0.69795
0.7527	1.04026	1.18166	1.12391	1.04791	1.03362	0.95137	0.8815	0.83696	0.8142
0.97876	1.27316	1.4405	1.41421	1.36691	1.25799	1.20451	1.09909	1.0256	0.97987
1.2519	1.61366	1.82662	1.78425	1.68713	1.61421	1.478	1.38922	1.29314	1.16417
1.57551	2.0332	2.32396	2.21774	2.09755	1.98343	1.86582	1.75247	1.65103	1.49251
1.81712	2.31774	2.54677	2.46064	2.3796	2.20261	2.11349	1.9935	1.83618	1.69867
1.70957	2.14867	2.38537	2.36456	2.27733	2.11932	2.0039	1.86008	1.75928	1.59123
1.35931	1.74133	1.94461	1.92501	1.82234	1.73602	1.60239	1.56334	1.37621	1.2703
1.01236	1.33216	1.55034	1.51518	1.40339	1.32839	1.21717	1.19785	1.08729	1.04831
0.84665	1.12288	1.28496	1.23681	1.20616	1.13289	1.03032	1.01863	0.91105	0.90434
0.8057	1.06077	1.20999	1.16746	1.12298	1.04186	1.00333	0.93955	0.86055	0.78012
0.8768	1.16779	1.28423	1.26554	1.19189	1.11193	1.05799	1.00733	0.94833	0.93084
1.01842	1.33187	1.51465	1.47989	1.38967	1.30825	1.25266	1.13471	1.0404	1.01878
1.0837	1.38953	1.56203	1.56436	1.44814	1.35329	1.30018	1.19785	1.13675	1.07805
0.97153	1.27397	1.43867	1.39921	1.28476	1.2564	1.18187	1.08979	1.01027	0.94034
0.80166	1.06297	1.18203	1.16769	1.08844	1.05055	0.98412	0.91748	0.86357	0.80036
0.66194	0.85806	1.012	0.97376	0.90172	0.89815	0.82716	0.79465	0.72061	0.69881
0.54529	0.72471	0.85102	0.84665	0.79618	0.74132	0.71916	0.65767	0.6119	0.63679
0.45258	0.63174	0.72529	0.72398	0.70089	0.65662	0.64437	0.56904	0.53961	0.56041
0.37165	0.52507	0.64712	0.64116	0.60103	0.55568	0.54792	0.52539	0.48796	0.46306
0.31238	0.44823	0.54535	0.55996	0.53785	0.50507	0.45665	0.45521	0.44876	0.39644
0.25699	0.41043	0.52111	0.51187	0.48364	0.45751	0.45521	0.41086	0.39316	0.37375
0.24164	0.36993	0.47487	0.45135	0.45258	0.44038	0.41577	0.38615	0.38433	0.38401
0.23383	0.34036	0.46604	0.44529	0.44725	0.41884	0.39202	0.38558	0.34984	0.37769
0.20138	0.33314	0.4839	0.45042	0.46249	0.41839	0.38981	0.39621	0.34361	0.39771
0.20415	0.35485	0.46157	0.47965	0.47574	0.45148	0.4354	0.44956	0.41139	0.44407
0.19498	0.34091	0.44989	0.47174	0.47796	0.47393	0.46341	0.46626	0.43879	0.44636
0.19167	0.36338	0.44351	0.4469	0.46724	0.42601	0.45459	0.47107	0.44707	0.44088
0.19139	0.34756	0.44135	0.46304	0.42099	0.44771	0.41419	0.44316	0.43949	0.44743
0.20234	0.32464	0.42469	0.42011	0.41788	0.41336	0.38599	0.36059	0.38174	0.37472
0.19655	0.3289	0.41922	0.4322	0.38377	0.39637	0.36882	0.36747	0.34026	0.33055
0.20114	0.31026	0.41476	0.40265	0.37862	0.40732	0.38836	0.36021	0.32759	0.29951
0.18277	0.32231	0.39901	0.41013	0.39532	0.40203	0.35239	0.33825	0.30995	0.30801
0.181	0.32112	0.39819	0.38946	0.37458	0.35624	0.32687	0.29991	0.31404	0.28015
0.18113	0.28295	0.37271	0.36142	0.36861	0.34088	0.32872	0.30654	0.29138	0.27312
0.17045	0.27549	0.40817	0.37492	0.36	0.35347	0.313	0.30974	0.30733	0.27594
0.18824	0.31147	0.389	0.39905	0.38035	0.34111	0.34625	0.29655	0.26929	0.23029
0.16782	0.28763	0.39332	0.33994	0.36325	0.29322	0.31291	0.2833	0.26497	0.25828
0.18179	0.27164	0.3671	0.3752	0.33127	0.31683	0.32386	0.2942	0.23498	0.27521
0.18411	0.29734	0.36864	0.35252	0.3637	0.30492	0.3085	0.26675	0.2594	0.27448
0.20839	0.30144	0.37334	0.37587	0.3445	0.33153	0.30883	0.28035	0.24781	0.27368
0.22808	0.31604	0.42775	0.40366	0.39294	0.37302	0.33187	0.32485	0.30861	0.27503
0.24318	0.38815	0.44894	0.43759	0.41554	0.39641	0.36711	0.35522	0.33666	0.30382
0.30256	0.42768	0.51877	0.51474	0.48386	0.46392	0.40697	0.36132	0.36248	0.32045
0.31442	0.46144	0.54788	0.51315	0.48572	0.46106	0.44443	0.41241	0.3719	0.37112
0.2909	0.42043	0.51756	0.50589	0.46754	0.45442	0.39721	0.3987	0.33714	0.34693
0.2871	0.37322	0.46739	0.45586	0.44158	0.42656	0.36102	0.36016	0.33228	0.33918
0.28096	0.41911	0.46907	0.47829	0.45617	0.43723	0.37556	0.37279	0.31157	0.30937
0.29509	0.4254	0.51243	0.49335	0.46813	0.43415	0.39412	0.35609	0.34582	0.3136
0.34701	0.47163	0.52846	0.57132	0.48198	0.52001	0.45699	0.40577	0.35549	0.35408
0.3918	0.54241	0.61988	0.61495	0.55509	0.53052	0.50522	0.43569	0.45226	0.40551
0.49555	0.62764	0.73372	0.70631	0.6894	0.6368	0.60125	0.54381	0.51793	0.51408
0.57438	0.76247	0.84859	0.84145	0.80818	0.70756	0.6768	0.65806	0.56556	0.54779
0.66642	0.85199	1.00407	0.96756	0.89596	0.82805	0.76981	0.72722	0.65835	0.60014
0.77054	0.96782	1.08834	1.07225	1.00561	0.97774	0.86802	0.78451	0.7696	0.70195
0.86839	1.08755	1.21377	1.15892	1.13004	1.07324	0.98719	0.93013	0.84321	0.81139
1.02266	1.267	1.38462	1.43157	1.3118	1.25206	1.13432	1.01602	0.97342	0.97359
1.20088	1.47013	1.62392	1.58052	1.5264	1.42151	1.28431	1.24147	1.12427	1.06863
1.47251	1.77868	1.99104	1.93682	1.81701	1.68859	1.60936	1.50852	1.38781	1.32642
1.86413	2.25286	2.48439	2.45438	2.28359	2.13546	2.01782	1.89093	1.77275	1.68427
2.48275	2.99772	3.31904	3.27258	3.07956	2.86478	2.69822	2.53788	2.36679	2.20488
3.49476	4.2576	4.68708	4.56511	4.28747	4.04333	3.77138	3.5293	3.29412	3.04446
5.38706	6.61526	7.18507	6.85353	6.58295	6.12846	5.70247	5.40395	4.98337	4.71345
9.2798	11.67131	12.62144	12.33151	11.58941	10.95957	10.21976	9.48871	8.87629	8.39995
18.19788	22.72847	24.47339	24.02454	22.59554	21.03627	19.8721	18.54487	17.31708	16.33272
19.48163	23.76664	25.91777	25.20559	23.6382	22.29738	21.03495	19.68246	18.3417	17.38991
9.80309	11.91732	13.12798	12.68787	12.03668	11.32047	10.69422	10.00395	9.29925	8.81469
4.01958	4.99061	5.4028	5.24987	4.98292	4.68501	4.41403	4.1653	3.86024	3.58698
2.39631	2.91664	3.18524	3.11135	2.96949	2.75939	2.59184	2.41422	2.2567	2.08631
1.95808	2.36149	2.61984	2.53134	2.40212	2.24064	2.06418	1.98265	1.84374	1.75168
1.61922	2.0168	2.24701	2.12383	1.9991	1.90542	1.78687	1.62985	1.53367	1.4148
1.20545	1.45451	1.5804	1.52967	1.44839	1.35484	1.28831	1.19932	1.11626	1.08007
0.77666	0.9603	1.03627	1.00404	0.96662	0.92245	0.88191	0.78844	0.70805	0.69798
0.5088	0.64798	0.71628	0.68576	0.626	0.61446	0.55718	0.50361	0.47191	0.49737
0.34736	0.44109	0.51129	0.50626	0.47166	0.44022	0.40575	0.38424	0.34357	0.3473
0.26071	0.35194	0.3972	0.37786	0.3624	0.34993	0.32724	0.27777	0.23859	0.24889
0.21044	0.28603	0.30715	0.31125	0.29436	0.26582	0.27611	0.21292	0.20765	0.20324
0.17311	0.22579	0.26414	0.27326	0.23272	0.20967	0.20217	0.21783	0.16412	0.18394
0.13883	0.19363	0.21628	0.23073	0.20393	0.18396	0.18072	0.16245	0.14942	0.13269
0.13387	0.17066	0.17533	0.19321	0.18862	0.17999	0.16623	0.14587	0.12977	0.1386
0.11191	0.1283	0.15467	0.15734	0.16683	0.15792	0.13301	0.10222	0.12968	0.10595
0.10373	0.10566	0.12327	0.12311	0.1134	0.11217	0.112	0.10694	0.10503	0.11396
0.08618	0.0931	0.1127	0.08885	0.10699	0.10868	0.11372	0.08516	0.10975	0.07353
0.09456	0.09807	0.08818	0.0877	0.10376	0.09396	0.1043	0.08191	0.0861	0.08474
0.08961	0.10387	0.07967	0.10787	0.09082	0.0879	0.09659	0.10057	0.06894	0.10032
0.10297	0.08941	0.09519	0.09652	0.09783	0.08117	0.0719	0.08147	0.08388	0.09384
0.10639	0.11709	0.08981	0.11998	0.08996	0.08498	0.09621	0.09272	0.0797	0.10273
0.11315	0.09464	0.09349	0.10012	0.10462	0.11613	0.09887	0.07578	0.07656	0.10166
0.10743	0.10202	0.10088	0.12799	0.09861	0.09123	0.1085	0.09258	0.09626	0.11045
0.0994	0.09617	0.10341	0.09288	0.08611	0.08745	0.09298	0.09188	0.10611	0.1302
0.10827	0.09336	0.09466	0.09876	0.07163	0.08425	0.0926	0.07594	0.0876	0.0839
0.10127	0.06897	0.08267	0.08492	0.07774	0.08909	0.0665	0.09317	0.08538	0.07166
0.10495	0.06388	0.08027	0.07892	0.08317	0.08145	0.09113	0.08728	0.07113	0.10447
0.09277	0.08115	0.06981	0.05489	0.0963	0.07564	0.0842	0.06839	0.05793	0.05364
0.09381	0.06191	0.07644	0.10332	0.06684	0.0673	0.09299	0.07142	0.08391	0.07867
0.09565	0.06636	0.07714	0.08034	0.07408	0.06202	0.06847	0.08905	0.06028	0.06516
0.07428	0.08571	0.0457	0.05901	0.06968	0.07227	0.07427	0.05034	0.04641	0.0736
0.08619	0.05667	0.049	0.05169	0.07943	0.08185	0.045	0.06281	0.05755	0.0666
0.08422	0.0588	0.05923	0.06119	0.0756	0.06526	0.05188	0.06005	0.04359	0.03315
0.06948	0.0354	0.06085	0.06223	0.03885	0.04551	0.06339	0.06288	0.05574	0.07558
0.07419	0.05019	0.04746	0.05873	0.04977	0.0724	0.06318	0.06341	0.03626	0.09485
0.06473	0.03549	0.03939	0.06194	0.04518	0.06316	0.04893	0.04589	0.04669	0.07559
0.06172	0.0524	0.03663	0.06174	0.05474	0.05077	0.06149	0.02495	0.03803	0.05078
0.06121	0.05345	0.06754	0.05252	0.04169	0.05327	0.04483	0.04057	0.0511	0.06884
0.05782	0.03996	0.04759	0.03538	0.04924	0.05325	0.05497	0.05839	0.04889	0.05605
0.05411	0.02203	0.05382	0.03564	0.03741	0.06252	0.03648	0.03678	0.045	0.06742
0.05996	0.03439	0.03541	0.03811	0.03006	0.04874	0.03255	0.04496	0.04543	-0.00375
0.05192	0.03836	0.04264	0.03605	0.03815	0.03118	0.03966	0.0531	0.0382	0.06036
0.02576	0.03042	0.02523	0.04631	0.03072	0.03661	0.03215	0.03306	0.0489	0.04411
0.03373	0.01806	-0.00827	0.03575	0.03745	0.0532	0.01526	0.01072	7.42E-04	0.01133
0.01737	0.00609	0.0192	0.02515	0.02028	0.0206	0.00943	0.00299	0.02771	0.00491
0.01904	0.00552	0.0156	0.02295	0.02307	0.01348	0.00648	0.0093	0.02468	0.05675
0.0235	0.00358	0.02374	0.00104	0.03484	0.00445	0.02333	9.27E-04	0.02924	0.03816
0.01238	0.0148	0.00562	-0.00347	0.01306	0.00846	0.02497	0.01448	0.02015	0.01072
0.01957	0.01499	0.00835	0.0094	0.01316	0.01616	0.01841	0.01392	0.01646	0.02285
0.00582	-0.00199	0.00248	0.00481	-0.01449	0.00703	-0.0057	-0.02046	0.01274	0.03935
-0.01277	-0.00714	0.02065	1.97E-04	0.01971	0.02649	-0.00124	0.01944	0.00681	0.0217
0.00503	0.0114	-0.00668	0.00847	0.02551	0.00733	0.01486	0.02103	0.00192	0.02932
0.01262	-0.01404	0.00661	0.02346	0.01259	0.02237	0.01399	0.00231	0.01661	0.02701
-0.00892	-0.00567	0.0172	0.021	0.02928	0.01745	0.0271	-0.00518	0.02963	0.05106
0.0017	0.00617	0.00636	0.02974	0.00727	0.01748	0.025	0.03233	0.03663	0.02227
0.00211	0.01007	0.00886	0.01541	-0.00576	0.03055	0.04212	0.05235	0.03759	0.02315
0.00503	0.01482	0.01133	0.02858	0.02244	0.02678	0.02128	0.0228	0.05051	0.01299
-0.00142	0.01338	0.02448	0.02542	0.01774	0.02858	0.02958	0.05964	0.03398	0.0413
0.01102	-0.00436	0.00442	0.03123	0.04072	0.01852	0.03727	0.05592	0.04519	0.05417
0.00139	0.02402	0.02017	0.02464	0.01274	0.03644	0.04259	0.03697	0.05583	0.03731
0.00923	0.0216	0.01825	0.05006	0.05951	0.05121	0.0724	0.06189	0.08386	0.10183
0.01506	0.02354	0.04893	0.06252	0.06435	0.0759	0.08874	0.0941	0.10641	0.0761
0.01323	0.01358	0.04319	0.07382	0.08463	0.1155	0.1214	0.15048	0.12784	0.14824
0.02322	0.04622	0.08238	0.09858	0.11519	0.14822	0.1692	0.19276	0.19389	0.19945
0.04983	0.07663	0.11778	0.16154	0.20181	0.21513	0.22923	0.26484	0.25883	0.30344
0.07105	0.11317	0.16601	0.21209	0.26649	0.27455	0.31023	0.36673	0.39999	0.42169
0.08206	0.15494	0.22115	0.26037	0.32855	0.3918	0.46825	0.5108	0.52586	0.56851
0.11901	0.17383	0.28858	0.389	0.45893	0.50841	0.58831	0.65372	0.72142	0.7164
0.14972	0.23839	0.36507	0.47994	0.56671	0.70214	0.75093	0.8439	0.90497	0.96547
0.19508	0.32842	0.49397	0.63155	0.75634	0.88651	1.02151	1.14495	1.20558	1.32451
0.28758	0.48785	0.75232	0.9686	1.13419	1.39007	1.55705	1.72801	1.8602	1.88814
0.43228	0.73075	1.12675	1.43715	1.71446	2.0417	2.36395	2.5638	2.77296	2.93138
0.43828	0.75564	1.16461	1.44423	1.75701	2.09593	2.38755	2.70601	2.82512	2.99111
0.28806	0.48736	0.77977	0.98366	1.19221	1.42146	1.58581	1.79039	1.89576	2.00242
0.17085	0.29509	0.42539	0.57028	0.68025	0.78741	0.86401	1.01098	1.07041	1.14022
0.11743	0.1854	0.27859	0.35583	0.45774	0.53292	0.57642	0.62449	0.69819	0.73342
0.09307	0.1504	0.24197	0.3021	0.37639	0.45387	0.50885	0.55941	0.60861	0.62582
0.10145	0.17295	0.26312	0.35289	0.41622	0.50236	0.57492	0.60464	0.69222	0.7316
0.1112	0.17481	0.30243	0.38453	0.4283	0.5477	0.60943	0.68587	0.73113	0.77575
0.08081	0.1428	0.25878	0.32454	0.36557	0.42439	0.49742	0.55372	0.587	0.62296
0.05378	0.10505	0.17819	0.21394	0.28927	0.30977	0.35328	0.41197	0.42542	0.48444
0.05384	0.08749	0.12861	0.19043	0.20714	0.27352	0.29082	0.32141	0.36076	0.3767
0.03833	0.07737	0.11645	0.14834	0.19333	0.23662	0.2336	0.26968	0.28954	0.32063
0.03662	0.06635	0.10321	0.1512	0.15693	0.18601	0.20669	0.25282	0.24933	0.27223
0.02246	0.05486	0.08833	0.09501	0.14113	0.17146	0.17684	0.21004	0.22707	0.25351
0.0272	0.05125	0.07289	0.08545	0.10338	0.12764	0.15164	0.16329	0.18627	0.20066
0.01043	0.02828	0.06117	0.08205	0.09269	0.11615	0.12407	0.14523	0.15633	0.17968
0.01172	0.0299	0.04997	0.06906	0.08713	0.07912	0.10056	0.10406	0.1329	0.12458
0.01467	0.01434	0.05318	0.06898	0.07446	0.09247	0.09162	0.11465	0.11326	0.12005
0.00572	0.0203	0.03872	0.06157	0.07207	0.07842	0.08382	0.07343	0.06636	0.0891
0.00749	0.00602	0.02049	0.04346	0.04968	0.0575	0.05557	0.0395	0.08806	0.08782
-0.0049	0.02027	0.0322	0.01914	0.03628	0.03779	0.0594	0.06466	0.03567	0.04472
0.00669	6.63E-04	0.01606	0.02571	0.00739	0.03487	0.0416	0.03743	0.02409	0.05989
-0.00519	0.00828	0.00472	0.00528	0.01716	0.03814	0.02262	0.01131	0.04517	-0.01187
0.00126	-0.01182	-0.00558	0.01349	-0.00404	0.00281	0.00478	0.0043	0.01558	0.02306
-0.00277	-0.00777	-0.00199	-0.00587	-0.0143	0.0023	-0.00492	-0.00723	0.01918	0.01395
-0.01529	-0.01342	0.00105	-0.0022	0.007	0.00923	0.00813	-7.71E-04	0.01078	0.03563
-0.01655	-0.01161	-0.01359	-0.01092	-0.03103	0.0037	-0.01504	-0.01798	0.00834	-0.00102
-0.01783	-0.00807	-0.01595	-0.01292	0.00248	-0.00995	-0.00438	-0.01776	-0.01645	-0.01569
-0.00615	-0.0072	-0.01459	-0.01213	-0.02141	-0.0149	-0.00307	-0.02376	-0.00968	-0.01609
-0.00776	-0.01777	-0.02394	-0.00686	-0.00922	0.0019	-0.02689	-0.0174	-0.01491	0.01429
-0.0063	-0.00815	0.00734	0.00175	-0.00673	-0.01306	-0.01688	-0.01387	-0.01635	-0.05875
-0.00514	-0.00602	-0.02025	-0.01495	-0.02424	-0.01373	-0.01156	-0.00643	-0.01999	-0.03832
-0.00881	-0.01095	-0.00933	-7.53E-04	-0.01792	0.00176	-0.02144	-0.02715	-0.02964	0.0129
-0.00855	-0.01282	-0.00486	-0.01187	-0.00452	-0.02695	-0.01441	-0.03833	-0.01753	-0.02061
-0.00831	-0.02263	-0.01485	-0.01346	-0.01952	-0.01461	0.00311	-0.00336	-0.01797	-0.00794
-0.01262	-0.00828	-0.01738	-0.02012	-0.02744	-0.01101	-0.00859	-0.01796	-0.00972	-0.00629
-0.01384	-0.01418	-0.00494	-0.0032	-0.02314	-0.03107	-0.00512	-0.01625	-0.0053	-0.02447
-0.01283	-0.00603	0.00802	0.00415	0.00435	-0.0076	-0.00577	-0.00443	0.00454	-0.00746
-0.0028	-0.00318	-0.0042	-0.01101	0.00346	9.22E-04	0.00116	0.00624	-0.00197	0.04033
-0.00974	-0.01177	-0.00359	0.02327	-0.0097	0.01004	-0.01237	-0.02589	0.00783	0.01439
-0.00654	0.00203	0.00342	0.00752	-0.00419	0.00483	0.00677	0.01683	0.00509	0.03464
-0.0042	0.01053	0.01095	0.00804	0.02838	0.01952	0.01422	0.02857	0.03446	0.01856
0.00178	0.0199	0.00508	0.01866	0.02032	0.02796	0.03041	0.03184	0.01479	0.03657
0.00605	0.01342	-0.00241	0.02083	0.00128	0.01709	0.02381	0.00751	0.01852	0.05565
0.00182	0.01132	0.0163	0.02355	0.02283	0.00247	0.0061	0.00681	-0.00119	0.00651
0.00323	0.0026	0.01359	0.0032	0.02761	0.00898	0.00705	-0.00461	0.01013	0.02666
0.00856	0.00925	0.02049	0.00532	0.00142	-0.01252	-0.00545	-0.00592	-0.03032	-0.03462
0.00964	0.0128	0.00437	0.00629	-0.00674	0.00765	-0.00687	-0.00893	-0.01305	0.0174
0.00646	0.00491	0.01766	-0.02366	0.00378	-0.02322	-0.02407	-0.01534	-0.02085	-0.02412
0.00298	0.00887	-0.00225	0.0183	-0.0057	0.00251	-0.01618	-0.01727	-0.01288	-0.02054
0.00512	-0.0017	0.00459	-0.01843	-3.70E-04	0.0052	4.34E-04	-0.01639	-0.01527	0.00171
0.01742	-0.01009	-0.01107	-0.01022	0.00301	0.00476	-0.00164	-0.01385	-0.01877	0.00195
0.02659	0.00305	0.00482	0.00753	0.01282	-0.01622	-0.01833	-0.01639	-0.03318	-0.00223
0.01879	0.01088	-0.00552	0.00615	0.01423	-0.01545	0.01633	-0.00938	-0.0073	0.02108
0.022	0.01299	0.00446	0.00756	0.00788	-0.001	0.01771	0.00944	-0.01303	-0.02714
0.02038	0.02651	0.0187	0.01627	0.00346	-0.00275	0.01556	-0.00328	-0.00353	-0.03027
0.02608	0.02551	0.00136	-0.00202	0.00482	0.00606	-0.00936	-0.01096	-0.02073	0.00728
0.0137	0.02229	-0.00637	-0.00346	3.58E-04	-0.00256	0.00772	0.00162	-0.0167	0.01952
0.01683	0.02389	0.02709	0.03049	0.00104	0.00684	-8.93E-04	0.00855	-0.01814	0.00424
0.02333	0.02459	0.01772	0.02451	-0.00151	0.01063	0.00332	0.0104	-0.00435	-0.01546
0.02671	0.03539	0.02493	0.00672	0.03008	0.00942	-7.37E-05	-0.00522	-0.00364	-0.00657
0.02414	0.02024	0.00805	0.0114	0.00493	0.01504	-0.01165	0.00954	0.01067	-0.0186
0.02324	0.02266	0.00399	-0.00473	0.00813	0.00323	0.00827	-0.00386	0.00154	-0.01524
0.02375	-4.31E-04	0.01436	0.01509	0.02808	0.00695	0.00367	0.00975	0.00602	0.00791
0.02254	0.02393	0.03061	0.02534	0.00418	0.01689	0.01072	0.0194	0.01919	0.01674
0.03149	0.02454	0.02597	0.03277	0.02925	0.0237	0.01017	0.02059	0.04106	0.03216
0.02319	0.02953	0.02132	0.00871	0.03111	0.04542	0.03354	0.03247	0.04059	0.03766
0.02646	0.02704	0.02736	0.04533	0.05487	0.04474	0.05923	0.04883	0.0766	0.06845
0.03988	0.05969	0.04622	0.06789	0.05153	0.09008	0.08607	0.08151	0.09189	0.09262
0.04848	0.07606	0.09343	0.12304	0.13329	0.16155	0.17535	0.20425	0.20303	0.21909
0.06978	0.11045	0.13046	0.19447	0.22148	0.25541	0.28972	0.31346	0.33758	0.37415
0.06339	0.11273	0.16587	0.19788	0.22133	0.28578	0.3101	0.34553	0.39205	0.41149
0.05981	0.09874	0.1574	0.17879	0.20957	0.2508	0.2686	0.28808	0.30381	0.37181
0.04915	0.07639	0.10717	0.12935	0.14879	0.16976	0.18214	0.19177	0.23952	0.28151
0.04328	0.0527	0.0869	0.10799	0.1054	0.15031	0.16104	0.16301	0.18719	0.2022
0.0326	0.04526	0.07785	0.06863	0.09682	0.10845	0.11308	0.11622	0.14303	0.18228
0.02755	0.05539	0.06719	0.09109	0.09597	0.10578	0.09196	0.1077	0.11084	0.11505
0.02278	0.04969	0.05651	0.07194	0.07447	0.08754	0.09067	0.07833	0.10532	0.11271
0.01686	0.051	0.06936	0.06008	0.0897	0.08173	0.09112	0.07936	0.08563	0.08066
0.02336	0.04484	0.06241	0.07801	0.06883	0.08089	0.0758	0.07755	0.08281	0.0728
0.02871	0.04437	0.06026	0.07007	0.06921	0.04706	0.08673	0.05491	0.07072	0.08473
0.02219	0.04565	0.06184	0.06042	0.05927	0.06113	0.07022	0.07054	0.05426	0.07574
0.01764	0.0456	0.05217	0.06707	0.05899	0.07519	0.05487	0.04505	0.04869	0.07115
0.02946	0.03059	0.05052	0.0591	0.04387	0.06186	0.05526	0.03251	0.04092	0.07315
0.02828	0.04371	0.05047	0.05785	0.05195	0.06719	0.0609	0.0543	0.0484	0.05863
0.0316	0.04758	0.06378	0.06953	0.05421	0.05944	0.05894	0.04005	0.03026	0.07931
0.02447	0.04441	0.05354	0.06096	0.06098	0.05355	0.05755	0.04492	0.06768	0.02957
0.04104	0.0487	0.0497	0.06586	0.07418	0.06507	0.04623	0.05598	0.04026	0.01393
0.02626	0.06045	0.07582	0.05502	0.04676	0.05169	0.0384	0.01749	0.04007	0.04668
0.0287	0.05681	0.05806	0.06947	0.05414	0.04327	0.0615	0.05049	0.03388	0.01672
0.03339	0.06766	0.0649	0.06029	0.04927	0.06099	0.04548	0.0238	0.04566	0.00985
0.03468	0.05214	0.06905	0.07359	0.0605	0.04073	0.03237	0.00837	0.01984	0.02497
0.03597	0.05462	0.06303	0.06946	0.04787	0.04909	0.05544	0.03908	0.03487	0.04448
0.0395	0.0672	0.07038	0.06251	0.05715	0.04251	0.05107	0.03038	0.04226	0.05409
0.04755	0.07494	0.06006	0.07184	0.05417	0.04836	0.05894	0.04138	0.03711	0.04059
0.0618	0.07696	0.07701	0.09241	0.06408	0.06354	0.05805	0.04955	0.03686	0.04578
0.05881	0.08996	0.08219	0.10342	0.0714	0.07996	0.05424	0.05322	0.04205	0.01906
0.06373	0.08537	0.09753	0.11273	0.06968	0.0721	0.06443	0.05293	0.05812	0.02093
0.06892	0.09175	0.11607	0.10348	0.07956	0.09783	0.07402	0.06052	0.05022	0.05691
0.08201	0.10385	0.11587	0.10603	0.08686	0.09058	0.07544	0.05121	0.069	0.06207
0.09255	0.10934	0.13439	0.13611	0.13219	0.12439	0.08152	0.08073	0.0698	0.07822
0.09829	0.13987	0.16842	0.14145	0.12399	0.13641	0.09868	0.10969	0.07387	0.07457
0.1221	0.15238	0.17302	0.15915	0.15125	0.1478	0.12692	0.10993	0.11115	0.06321
0.13375	0.1851	0.19472	0.19652	0.18689	0.14301	0.14524	0.13719	0.11465	0.10575
0.14145	0.19408	0.21857	0.18948	0.19028	0.15999	0.17055	0.14923	0.12577	0.13619
0.16383	0.21404	0.23277	0.22402	0.21687	0.19998	0.17601	0.15902	0.15432	0.10501
0.18224	0.2252	0.24376	0.23832	0.21316	0.20886	0.19314	0.15023	0.15018	0.15633
0.18851	0.23241	0.27346	0.2661	0.232	0.22022	0.18516	0.18703	0.14767	0.16695
0.21088	0.24092	0.28657	0.28713	0.25793	0.22908	0.21687	0.17372	0.18981	0.17316
0.24171	0.29733	0.3152	0.28398	0.26129	0.26905	0.24974	0.20995	0.18347	0.15186
0.26604	0.32869	0.34863	0.33591	0.32073	0.28102	0.26743	0.23547	0.21962	0.18887
0.28669	0.35476	0.39703	0.36142	0.36276	0.31787	0.29912	0.27619	0.25467	0.25667
0.31949	0.38918	0.42189	0.43357	0.37964	0.34724	0.32905	0.31409	0.27065	0.22986
0.35652	0.43854	0.49329	0.46919	0.43649	0.39591	0.36949	0.34748	0.32747	0.29655
0.3975	0.50196	0.54168	0.54919	0.50043	0.48377	0.43852	0.38932	0.35652	0.37204
0.45769	0.54515	0.6211	0.59604	0.56887	0.50753	0.49471	0.45704	0.41279	0.37602
0.50601	0.64592	0.70907	0.68952	0.63602	0.61591	0.55731	0.52645	0.47451	0.43501
0.58793	0.75239	0.8088	0.77401	0.75151	0.68509	0.63917	0.58346	0.54984	0.52809
0.71053	0.8593	0.94171	0.91976	0.87281	0.82022	0.74554	0.68946	0.62353	0.61677
0.84668	1.00355	1.08958	1.09754	0.9999	0.95286	0.89276	0.84048	0.74406	0.74395
0.98424	1.23703	1.35303	1.30679	1.21403	1.17946	1.06333	0.99094	0.95282	0.89313
1.18733	1.43533	1.57366	1.50929	1.45071	1.3961	1.27358	1.19487	1.12672	1.0478
1.34437	1.6499	1.8066	1.76855	1.65452	1.54615	1.49492	1.38417	1.28645	1.20468
1.43194	1.7458	1.93359	1.85695	1.73453	1.67878	1.58668	1.48508	1.38246	1.32635
1.37574	1.69359	1.81875	1.82731	1.6914	1.57183	1.50917	1.42723	1.28947	1.2511
1.2029	1.44273	1.6306	1.56835	1.4974	1.38337	1.27582	1.2202	1.14582	1.08564
0.97357	1.22	1.31564	1.30546	1.22217	1.12832	1.09442	1.0036	0.95914	0.88278
0.78689	0.98452	1.08521	1.05943	0.97659	0.9386	0.87683	0.81345	0.76592	0.71293
0.64879	0.80441	0.9024	0.85048	0.81933	0.77937	0.71293	0.67734	0.61464	0.59587
0.54345	0.65067	0.72333	0.71966	0.68271	0.6301	0.60331	0.53392	0.51402	0.50852
0.46466	0.57647	0.63308	0.60738	0.57315	0.54616	0.50011	0.46536	0.41284	0.41126
0.37542	0.48733	0.54549	0.52489	0.49197	0.46782	0.43134	0.38217	0.37376	0.30521
0.34464	0.43115	0.48412	0.466	0.43785	0.39633	0.39351	0.35977	0.33304	0.30366
0.28958	0.39035	0.43987	0.41666	0.39857	0.37088	0.34284	0.29797	0.28415	0.24271
0.27463	0.37327	0.38438	0.38306	0.34188	0.34045	0.30909	0.2919	0.25215	0.24336
0.25544	0.32939	0.3626	0.34721	0.32902	0.32371	0.31036	0.27513	0.24575	0.21541
0.22749	0.31056	0.33386	0.33609	0.32648	0.29763	0.27836	0.24204	0.23988	0.21606
0.22836	0.29305	0.33935	0.32946	0.3046	0.29022	0.27846	0.23428	0.21823	0.17601
0.22951	0.29883	0.32559	0.30709	0.30915	0.27659	0.25521	0.2237	0.20256	0.19537
0.21344	0.27297	0.33215	0.31563	0.29177	0.26669	0.24131	0.23902	0.2125	0.18943
0.2242	0.29281	0.32106	0.33541	0.3047	0.2599	0.24549	0.22338	0.21263	0.19449
0.22593	0.29463	0.32601	0.31697	0.29442	0.26992	0.25377	0.23758	0.20569	0.18745
0.2189	0.31008	0.33846	0.32607	0.30606	0.28429	0.24394	0.2377	0.23904	0.22331
0.22826	0.31674	0.3509	0.31831	0.32672	0.28123	0.29249	0.26372	0.25225	0.22507
0.24496	0.33614	0.35585	0.35214	0.3029	0.30867	0.28501	0.26046	0.23714	0.22684
0.24755	0.35115	0.38114	0.37248	0.35967	0.34855	0.31663	0.27748	0.27322	0.26821
0.2781	0.35781	0.40856	0.40237	0.38743	0.38719	0.36401	0.35079	0.32347	0.29858
0.30838	0.39435	0.46059	0.44182	0.41132	0.4165	0.37287	0.36555	0.31544	0.30916
0.33753	0.44628	0.49925	0.49307	0.47453	0.45389	0.42026	0.40452	0.36842	0.34724
0.37713	0.49689	0.58713	0.56006	0.50809	0.50872	0.48165	0.45138	0.43992	0.38532
0.45007	0.58223	0.6413	0.64279	0.58743	0.57598	0.55122	0.51288	0.49453	0.48721
0.52753	0.68866	0.76824	0.74519	0.70996	0.66877	0.64297	0.60421	0.54697	0.5209
0.61743	0.80344	0.90427	0.86782	0.85313	0.78519	0.74814	0.72764	0.69909	0.6426
0.76607	0.95997	1.11628	1.07082	1.02918	0.98625	0.95429	0.90004	0.8719	0.80721
0.96528	1.21407	1.35183	1.37443	1.29226	1.1954	1.15811	1.07301	1.07577	1.00262
1.23793	1.50817	1.66175	1.67411	1.61208	1.52652	1.46466	1.43176	1.36024	1.28604
1.49081	1.85193	2.05086	2.04405	1.9577	1.86262	1.78581	1.71057	1.66107	1.55077
1.7728	2.22602	2.44532	2.42579	2.31234	2.19996	2.09061	2.00684	1.8742	1.8078
1.98672	2.45728	2.73759	2.72041	2.50645	2.46139	2.29502	2.16012	2.05902	1.99223
2.0984	2.5923	2.89396	2.84193	2.66381	2.53179	2.50236	2.31172	2.21824	2.03586
1.97596	2.45264	2.6849	2.65769	2.53041	2.37818	2.3093	2.17339	2.03759	1.92327
1.60751	1.99436	2.20886	2.15646	2.07272	1.97318	1.86352	1.75078	1.68484	1.61048
1.18852	1.45346	1.64775	1.61477	1.55958	1.5128	1.37514	1.35576	1.27381	1.20748
0.8602	1.05627	1.20167	1.2254	1.15348	1.13581	1.07645	1.00972	0.93414	0.9266
0.6347	0.78698	0.91236	0.89392	0.85117	0.84656	0.83496	0.78303	0.77965	0.70183
0.51285	0.66008	0.78464	0.76309	0.74293	0.70852	0.71488	0.69483	0.66875	0.66298
0.43141	0.58022	0.69758	0.7042	0.67144	0.67814	0.64968	0.66124	0.65044	0.61754
0.41154	0.53859	0.63674	0.65262	0.63219	0.65461	0.64401	0.63442	0.62779	0.62491
0.40806	0.55234	0.65241	0.64039	0.6832	0.66655	0.6576	0.66051	0.634	0.63778
0.39951	0.53006	0.6531	0.67032	0.67233	0.69094	0.68813	0.7097	0.71647	0.71557
0.38617	0.54778	0.66343	0.67945	0.73947	0.73152	0.75135	0.76395	0.79514	0.75376
0.41463	0.57605	0.708	0.77964	0.79178	0.81565	0.83266	0.84692	0.89887	0.88106
0.42983	0.61136	0.759	0.82419	0.86796	0.91971	0.95367	0.98563	1.0233	1.03477
0.44702	0.63217	0.80357	0.88561	0.91448	1.00572	1.0706	1.13336	1.19131	1.16319
0.48032	0.65211	0.84334	0.94702	1.00678	1.08988	1.16595	1.22085	1.28634	1.33782
0.47776	0.6659	0.84833	0.92526	0.99335	1.05394	1.11421	1.20195	1.20654	1.25064
0.47549	0.64673	0.81213	0.82595	0.89676	0.95454	0.96267	0.96744	1.01945	1.03255
0.43934	0.62318	0.71173	0.76485	0.77374	0.77176	0.78662	0.79149	0.75721	0.79467
0.46844	0.61853	0.72636	0.74085	0.71391	0.69975	0.69638	0.68761	0.67689	0.67231
0.48767	0.63058	0.7105	0.75059	0.70824	0.65699	0.64876	0.64059	0.60583	0.59176
0.51256	0.65231	0.74601	0.75864	0.70386	0.71442	0.67468	0.63523	0.59579	0.56952
0.53661	0.70394	0.79008	0.77456	0.76977	0.69905	0.65566	0.65128	0.61299	0.6078
0.58045	0.75689	0.81757	0.79667	0.77443	0.73969	0.70145	0.66677	0.6547	0.57238
0.64124	0.80061	0.92479	0.88623	0.83777	0.8183	0.77175	0.7335	0.68498	0.67888
0.70713	0.89225	1.00901	0.98254	0.94366	0.91185	0.86073	0.82725	0.75395	0.77109
0.81681	1.02125	1.12586	1.15642	1.04763	1.01972	0.94914	0.8726	0.85179	0.805
0.92565	1.13795	1.2668	1.2252	1.1761	1.15746	1.06033	1.00409	0.948	0.91373
1.00655	1.28938	1.42968	1.39516	1.30781	1.23299	1.19778	1.14572	1.05948	0.99166
1.14451	1.44521	1.60487	1.55388	1.51817	1.39626	1.34166	1.25021	1.18784	1.14772
1.30931	1.61028	1.8127	1.7823	1.69373	1.623	1.53692	1.46616	1.34563	1.24877
1.55491	1.96698	2.12808	2.08548	1.95891	1.90328	1.80981	1.672	1.59766	1.51596
1.94174	2.40279	2.65428	2.60505	2.49552	2.3665	2.27998	2.11935	2.00982	1.90856
2.73585	3.28512	3.70588	3.64171	3.47313	3.30514	3.07177	2.94783	2.75478	2.60809
3.7983	4.58453	4.99023	5.02459	4.77245	4.54682	4.35677	4.06962	3.89192	3.61126
4.11314	5.07398	5.56994	5.45875	5.29039	5.01256	4.7902	4.53951	4.34932	4.11171
3.29967	4.03931	4.49318	4.43891	4.29712	4.09191	3.90047	3.68704	3.59866	3.37126
2.11537	2.6012	2.92955	2.88288	2.79583	2.69338	2.57416	2.56492	2.43898	2.2832
1.22708	1.53227	1.75757	1.71692	1.71748	1.67816	1.59806	1.55427	1.54456	1.48008
0.74607	0.95908	1.08265	1.12425	1.0885	1.09169	1.05738	1.02721	1.01997	0.96078
0.5012	0.64784	0.74266	0.75191	0.74127	0.75352	0.72159	0.71296	0.70564	0.65712
0.36339	0.48559	0.58032	0.56281	0.54233	0.54416	0.53639	0.52595	0.51822	0.49428
0.28067	0.3796	0.43885	0.44846	0.46203	0.41196	0.42474	0.42114	0.42668	0.40516
0.21745	0.2978	0.34874	0.38414	0.36563	0.37125	0.34579	0.31915	0.31662	0.33255
0.18475	0.26742	0.31911	0.29679	0.28792	0.29135	0.31179	0.30838	0.28665	0.27205
0.15264	0.21025	0.25203	0.2724	0.24053	0.26871	0.25504	0.23568	0.23762	0.22917
0.12872	0.19001	0.22562	0.25307	0.22796	0.23114	0.2339	0.21029	0.21475	0.2204
0.10765	0.179	0.19654	0.21295	0.20251	0.22345	0.21102	0.17928	0.18807	0.18635
0.09931	0.13944	0.19529	0.18914	0.17513	0.19523	0.17648	0.1708	0.15978	0.17981
0.0842	0.12714	0.1673	0.1749	0.15292	0.1633	0.1618	0.14826	0.14511	0.14138
0.06601	0.11661	0.16125	0.15054	0.13394	0.14444	0.1658	0.14937	0.13373	0.12166
0.05771	0.08851	0.12258	0.13688	0.10981	0.1343	0.13771	0.14431	0.1376	0.12396
0.05169	0.08195	0.12082	0.11198	0.11664	0.10924	0.11664	0.12799	0.12679	0.10757
0.04795	0.07409	0.11694	0.10676	0.10479	0.11904	0.10784	0.10831	0.09583	0.1033
0.03858	0.0658	0.10236	0.10718	0.09875	0.10084	0.09146	0.08527	0.10955	0.11994
0.0216	0.06807	0.08566	0.08118	0.08884	0.10257	0.10369	0.10783	0.08842	0.1069
0.02215	0.0598	0.09196	0.08667	0.08605	0.09685	0.1136	0.09551	0.0989	0.09827
0.01989	0.05858	0.07955	0.09386	0.10453	0.10545	0.11418	0.10965	0.11593	0.11606
0.01935	0.06264	0.09177	0.08532	0.08951	0.10908	0.12295	0.121	0.12099	0.13606
0.02306	0.06891	0.10185	0.08859	0.10544	0.10526	0.11305	0.12785	0.11625	0.13847
0.00956	0.04048	0.07288	0.09243	0.10333	0.09647	0.10025	0.10995	0.11698	0.1277
0.01726	0.06348	0.0712	0.09179	0.07931	0.10013	0.1108	0.09769	0.12153	0.10264
0.01481	0.04957	0.07008	0.07935	0.09205	0.09324	0.07468	0.10515	0.11031	0.1194
0.01832	0.04315	0.07752	0.06299	0.06547	0.08262	0.08701	0.07602	0.08112	0.08447
0.01365	0.03675	0.06945	0.0843	0.07566	0.08072	0.07834	0.08858	0.08408	0.09686
0.01211	0.04441	0.06354	0.0702	0.07683	0.10062	0.08019	0.08538	0.10122	0.12027
0.01567	0.04638	0.07422	0.0831	0.08188	0.07697	0.10307	0.0805	0.09278	0.12499
0.01219	0.03474	0.07261	0.07634	0.08759	0.08756	0.09736	0.10323	0.10287	0.12863
0.00506	0.04025	0.07956	0.09488	0.09976	0.07824	0.09692	0.12653	0.10915	0.14768
-0.00149	0.04402	0.07529	0.09994	0.10098	0.11251	0.114	0.14872	0.14106	0.15906
0.01204	0.03901	0.08869	0.08253	0.11446	0.12127	0.13752	0.14447	0.14738	0.14074
0.00554	0.04808	0.0823	0.12246	0.11441	0.13938	0.12836	0.15205	0.17169	0.18955
0.01374	0.05365	0.10909	0.12194	0.12276	0.16434	0.16591	0.18386	0.18185	0.20757
0.00728	0.05351	0.1145	0.1085	0.13435	0.14763	0.1994	0.21343	0.22907	0.26081
0.01637	0.04944	0.1151	0.14116	0.15239	0.18694	0.20371	0.21824	0.24036	0.23926
0.02718	0.07703	0.12213	0.15303	0.15627	0.20199	0.23138	0.26586	0.28052	0.32664
0.03123	0.07079	0.14308	0.17391	0.20464	0.23635	0.27424	0.27971	0.33596	0.35353
0.04264	0.10367	0.16779	0.19818	0.23304	0.30992	0.34222	0.38984	0.41483	0.43214
0.04928	0.12823	0.20588	0.25955	0.3227	0.36858	0.40612	0.44876	0.51169	0.51627
0.06667	0.1506	0.25737	0.32656	0.38595	0.482	0.536	0.56286	0.66467	0.67302
0.10865	0.21561	0.32384	0.41774	0.50787	0.61598	0.69682	0.78451	0.87104	0.99041
0.15038	0.28372	0.45721	0.59212	0.72265	0.85202	0.93763	1.07879	1.19072	1.2693
0.20342	0.38217	0.57614	0.74853	0.8994	1.0551	1.22922	1.40236	1.51532	1.66043
0.23276	0.40372	0.64854	0.81333	0.97173	1.2109	1.32648	1.53623	1.6907	1.78645
0.19434	0.34926	0.55348	0.70785	0.84872	1.03381	1.17802	1.34079	1.48156	1.54176
0.14182	0.26493	0.43703	0.55012	0.65416	0.77086	0.89125	1.01251	1.1025	1.19149
0.09554	0.18281	0.30187	0.35361	0.45316	0.54588	0.62434	0.6972	0.7714	0.81153
0.05775	0.1161	0.21809	0.27852	0.31924	0.39061	0.42165	0.49899	0.53508	0.5801
0.0375	0.074	0.1402	0.1849	0.22401	0.26212	0.30185	0.33965	0.37939	0.40589
0.02179	0.05742	0.10834	0.13625	0.14233	0.19026	0.21593	0.22818	0.28744	0.29001
0.01373	0.04129	0.07007	0.10223	0.11418	0.14954	0.15979	0.17245	0.20151	0.19944
0.00146	0.03177	0.07247	0.08733	0.10861	0.0995	0.12993	0.13138	0.15045	0.16391
0.00305	0.02183	0.046	0.0421	0.06825	0.08494	0.08433	0.09314	0.1054	0.12179
-0.00211	0.01938	0.03987	0.04184	0.0453	0.06418	0.0691	0.09039	0.07997	0.10059
0.00236	6.78E-04	0.02733	0.02868	0.03397	0.04281	0.04454	0.04824	0.05456	0.06621
-0.00389	-0.00438	0.02872	0.01946	0.03233	0.03141	0.02759	0.04327	0.04879	0.05826
-0.00644	0.01124	0.01728	0.00632	0.02555	0.03746	0.0486	0.03156	0.03431	0.05692
-0.01065	-8.14E-04	0.00425	0.00387	0.01685	0.01925	0.02702	0.02438	0.03075	0.038
-0.00891	-0.00186	0.01156	0.02673	0.00495	0.01475	0.02296	0.00314	0.01577	0.03561
-0.00884	-0.00158	0.00766	0.01251	0.01111	0.00715	0.01659	0.014	0.0264	0.01563
-0.0079	-0.00259	0.01018	0.00392	0.00504	0.01264	0.00265	0.01813	0.02889	0.02098
-0.0027	0.00301	0.00202	4.10E-04	0.00543	0.01691	0.00973	0.00876	0.00798	0.01755
-9.97E-06	-0.00676	0.00993	0.0149	0.00712	0.00438	-0.00768	0.01124	0.00288	0.01963
-0.00605	-0.00903	0.01731	0.00861	0.02624	-0.00439	-0.00114	0.01092	0.01849	0.02834
-0.00303	-0.0025	0.01186	0.0057	0.02346	0.00366	-4.16E-04	-0.00176	-0.00345	0.03597
-0.0028	-0.00518	-0.00694	0.00787	-0.00187	0.00738	-0.00201	0.01428	-0.00141	-0.00258
0.00253	-0.00564	-0.00968	0.00163	-0.00849	0.00364	0.00809	0.00839	0.00338	0.0128
0.00196	-0.00301	-0.00277	0.00158	-0.00155	-0.00319	0.0147	-0.00649	0.00165	-0.00921
0.00142	5.19E-04	9.36E-04	-0.00183	-0.00297	-0.00503	-0.00143	0.0068	-0.00224	0.01391
0.00909	-0.00296	0.00252	0.00378	-0.01534	-0.01058	0.00172	-0.00579	0.01894	0.01175
-7.21E-04	-0.00555	0.00145	-0.00971	0.00777	0.01563	-0.00328	-0.00878	-0.00179	0.01621
0.00503	0.01166	-0.01192	-0.00295	0.00123	0.00265	-0.0036	-0.00557	0.00473	8.91E-04
0.00572	0.00824	0.01004	0.00663	0.00504	0.0096	0.00778	0.0033	0.01182	-0.0056
0.01294	-0.00264	-0.00276	0.00162	-0.00468	-0.00957	0.00401	0.00937	-6.78E-04	-0.00218
0.00719	0.00233	-5.67E-04	0.00113	-0.00858	0.01173	0.00667	-0.01325	-0.00771	-9.26E-04
0.01447	0.01083	0.00967	0.0147	0.00817	0.00381	5.97E-04	-0.01052	-0.00165	0.02015
0.01104	0.00441	0.00226	0.0058	-0.00795	0.00461	-0.01012	0.00124	-0.01136	0.02034
0.013	0.00328	-0.00352	-0.00589	-8.31E-04	0.01663	-0.0039	-0.01062	0.00128	-0.01574
0.01527	0.01008	-0.0018	0.00717	-0.00659	0.01001	0.00176	0.0085	0.00632	0.02411
0.01898	6.44E-04	-0.00273	0.01238	0.00185	0.01025	0.01561	-0.00895	-0.00605	-0.01083
0.02216	0.00529	0.00865	-0.0032	0.01095	-0.01687	-2.81E-04	-0.00724	0.00775	0.01256
0.02254	-0.00191	0.00614	-0.00751	0.00138	0.00457	0.00661	-0.0055	-0.00894	0.01397
0.02182	5.81E-04	0.00579	0.00224	0.01439	0.01856	0.00535	0.00413	-0.00871	-0.00549
0.02283	-0.00262	0.00277	0.01089	0.01324	-0.00539	0.00411	-0.00479	-0.00465	0.00587
0.03007	0.00738	-0.00129	-0.00124	-0.00982	0.01798	-0.00645	-0.00186	0.00542	0.02055
0.02549	0.00466	0.01017	0.01363	0.01356	0.00154	-0.01465	0.00108	0.00626	0.02976
0.03138	0.01427	-0.0051	-0.00353	0.01182	-0.0012	0.00109	6.71E-04	-0.00704	-0.01161
0.03335	0.00851	5.15E-04	0.01306	0.00623	0.01974	-6.26E-05	0.00141	0.00528	-0.01666
0.03309	0.01552	0.01043	1.00E-03	0.00711	0.00149	0.00464	-6.47E-04	0.00618	0.02233
0.0433	0.01377	0.00216	0.0047	-0.00102	0.01314	-0.0064	-0.00944	0.00439	0.00853
0.04141	0.01599	0.00569	-0.00452	0.01343	0.02169	0.00885	0.00769	-1.10E-04	0.01016
0.03672	0.01427	0.00709	-0.00584	0.0105	0.00662	0.00603	0.01021	-0.00567	0.00191
0.03799	0.0161	4.79E-04	0.00746	0.00887	0.00712	0.00907	0.00149	0.00894	0.00249
0.04663	0.02893	0.00566	0.00505	0.01307	-0.00168	4.52E-04	0.00349	0.00507	0.0064
0.04542	0.02201	-3.79E-04	0.01164	0.00375	-0.00113	0.01637	0.0117	0.0023	0.01472
0.04876	0.01203	0.02196	0.00702	0.01637	0.02433	0.0078	0.01036	0.00718	-0.00332
0.04705	0.02054	0.02398	0.00747	0.00386	0.02678	0.00859	0.00511	0.00174	0.00836
0.05497	0.01764	0.01157	0.01469	0.00428	0.02055	0.00999	0.02015	0.00939	0.03657
0.05642	0.0319	0.00882	0.00843	0.02276	0.02243	0.0079	0.01044	-0.00526	-0.01331
0.05819	0.01543	0.00447	0.00276	0.01999	0.00628	0.02335	0.01201	0.02259	-0.00155
0.06281	0.02666	0.02155	0.00722	0.01917	-0.00113	0.0219	0.01473	-0.01325	0.00473
0.05872	0.02912	0.01296	0.00945	0.02611	0.02135	0.01229	0.01185	0.01683	0.00884
0.07159	0.03205	0.01295	0.01339	0.01631	0.00901	0.0033	0.01237	0.01262	0.02288
0.06728	0.03544	0.01135	0.0196	0.00331	0.02655	0.01767	0.02304	0.02152	6.38E-04
0.06864	0.03842	0.02047	0.01402	0.00902	0.02172	0.02156	0.0146	0.01464	0.01803
0.06834	0.03966	0.01731	0.02139	0.01411	0.02189	0.01789	0.00787	0.01486	0.02884
0.07005	0.03301	0.01683	0.00799	0.02825	0.02581	0.01891	0.01074	0.00803	0.03968
0.07687	0.04397	0.01745	0.01315	0.02629	0.05029	0.00302	0.02151	0.02247	0.01865
0.07921	0.03825	0.01702	0.02507	0.02564	0.01879	0.01751	0.01148	0.01678	0.02184
0.08328	0.03826	0.02034	0.02297	0.0334	0.01594	0.01393	0.02117	0.01765	0.03276
0.09303	0.04094	0.02423	0.02088	0.04634	0.03364	0.01971	0.02414	0.02236	0.03161
0.08219	0.03969	0.02492	0.02219	0.03737	0.03021	0.02377	0.01981	0.02928	0.03489
0.09709	0.05076	0.02563	0.02745	0.02392	0.03676	0.03777	0.02563	0.0335	0.03709
0.09563	0.05439	0.02315	0.02431	0.03305	0.03338	0.03487	0.02586	0.01486	0.05252
0.10636	0.05013	0.01909	0.02568	0.02802	0.0294	0.03141	0.03174	0.03112	0.04378
